Date,Open,High,Low,Close,Adj Close,Volume,Returns
2018-02-13,315.0199890136719,324.19000244140625,312.510009765625,323.6600036621094,323.6600036621094,4560200,
2018-02-14,320.8399963378906,326.1700134277344,318.5199890136719,322.30999755859375,322.30999755859375,3950700,0.9989152479404229
2018-02-15,324.5,334.1199951171875,322.3999938964844,334.07000732421875,334.07000732421875,5912900,1.0397124579458443
2018-02-16,332.5,343.1199951171875,331.6400146484375,335.489990234375,335.489990234375,5642600,1.0072656884647093
2018-02-20,334.4700012207031,340.8399963378906,331.5,334.7699890136719,334.7699890136719,4009400,1.000837091654374
2018-02-21,336.0299987792969,339.69000244140625,333.1700134277344,333.29998779296875,333.29998779296875,3219600,0.9985918409797956
2018-02-22,335.5299987792969,347.44000244140625,334.75,346.1700134277344,346.1700134277344,6969800,1.041739470792298
2018-02-23,347.8299865722656,354.989990234375,347.1000061035156,352.04998779296875,352.04998779296875,5817400,1.0199321322756643
2018-02-26,353.5,359.0,352.3599853515625,357.4200134277344,357.4200134277344,4340000,1.0181456369641646
2018-02-27,356.25,359.989990234375,350.010009765625,350.989990234375,350.989990234375,4797400,0.9847651001941833
2018-02-28,352.57000732421875,355.239990234375,342.2200012207031,343.05999755859375,343.05999755859375,6069700,0.9801994546440014
2018-03-01,345.010009765625,348.6700134277344,330.07000732421875,330.92999267578125,330.92999267578125,6885600,0.9674618342914946
2018-03-02,326.9800109863281,335.2200012207031,322.9700012207031,335.1199951171875,335.1199951171875,5092800,1.0157306172722114
2018-03-05,332.3900146484375,337.75,329.2900085449219,333.3500061035156,333.3500061035156,3823800,0.9976954716122218
2018-03-06,333.75,336.3699951171875,327.0299987792969,328.20001220703125,328.20001220703125,4285700,0.987513182427348
2018-03-07,325.44000244140625,332.5,321.739990234375,332.29998779296875,332.29998779296875,5007300,1.0155867218694068
2018-03-08,332.8599853515625,333.29998779296875,326.2699890136719,329.1000061035156,329.1000061035156,3566200,0.9933595479308381
2018-03-09,324.1000061035156,328.489990234375,322.3699951171875,327.1700134277344,327.1700134277344,5506800,0.9971655206995399
2018-03-12,328.6099853515625,347.2099914550781,326.5,345.510009765625,345.510009765625,8264000,1.0592942194000172
2018-03-13,328.6099853515625,347.2099914550781,326.5,341.8399963378906,341.8399963378906,5965800,0.9922498233663781
2018-03-14,336.760009765625,339.80999755859375,323.92999267578125,326.6300048828125,326.6300048828125,7967400,0.9583089085560513
2018-03-15,329.3800048828125,332.8500061035156,321.1000061035156,325.6000061035156,325.6000061035156,6564800,0.9999078746465404
2018-03-16,322.92999267578125,327.3999938964844,319.07000732421875,321.3500061035156,321.3500061035156,6117300,0.9899876773293603
2018-03-19,316.5,320.75,309.6700134277344,313.55999755859375,313.55999755859375,7484300,0.9788044063819128
2018-03-20,314.8699951171875,316.25,308.760009765625,310.54998779296875,310.54998779296875,4764300,0.9935692034127042
2018-03-21,310.25,322.44000244140625,310.19000244140625,316.5299987792969,316.5299987792969,5958400,1.0225488976307002
2018-03-22,313.8900146484375,318.82000732421875,308.17999267578125,309.1000061035156,309.1000061035156,4939800,0.979621612205948
2018-03-23,311.25,311.25,300.45001220703125,301.5400085449219,301.5400085449219,6654900,0.9787082199654689
2018-03-26,307.3399963378906,307.5899963378906,291.3599853515625,304.17999267578125,304.17999267578125,8375200,1.0121114794282549
2018-03-27,304.0,304.2699890136719,277.17999267578125,279.17999267578125,279.17999267578125,13872000,0.9208391035695239
2018-03-28,264.5799865722656,268.67999267578125,252.10000610351562,257.7799987792969,257.7799987792969,21001400,0.9266662073707775
2018-03-29,256.489990234375,270.9599914550781,248.2100067138672,266.1300048828125,266.1300048828125,15170700,1.036412517127364
2018-04-02,256.260009765625,260.3299865722656,244.58999633789062,252.47999572753906,252.47999572753906,16114000,0.9522875233949294
2018-04-03,269.82000732421875,273.3500061035156,254.49000549316406,267.5299987792969,267.5299987792969,18844400,1.0638221859568777
2018-04-04,252.77999877929688,288.3699951171875,252.0,286.94000244140625,286.94000244140625,19896700,1.076576759672783
2018-04-05,289.3399963378906,306.260009765625,288.20001220703125,305.7200012207031,305.7200012207031,19121100,1.0691753466126173
2018-04-06,301.0,309.2799987792969,295.5,299.29998779296875,299.29998779296875,13520300,0.9822131353175968
2018-04-09,300.3699951171875,309.5,289.2099914550781,289.6600036621094,289.6600036621094,10249800,0.9710359219429273
2018-04-10,298.9700012207031,307.1000061035156,293.67999267578125,304.70001220703125,304.70001220703125,10989800,1.0555671320634274
2018-04-11,300.739990234375,308.9800109863281,299.6600036621094,300.92999267578125,300.92999267578125,7482900,0.9908790931185024
2018-04-12,302.32000732421875,303.95001220703125,293.67999267578125,294.0799865722656,294.0799865722656,7608800,0.9804954281119882
2018-04-13,303.6000061035156,303.95001220703125,295.9800109863281,300.3399963378906,300.3399963378906,7327200,1.0247714279317905
2018-04-16,299.0,299.6600036621094,289.010009765625,291.2099914550781,291.2099914550781,6338500,0.9728402319026039
2018-04-17,288.8699951171875,292.1700134277344,282.510009765625,287.69000244140625,287.69000244140625,7000000,0.9913166703839624
2018-04-18,291.0799865722656,300.239990234375,288.1600036621094,293.3500061035156,293.3500061035156,6557700,1.0232306798472002
2018-04-19,291.0799865722656,301.010009765625,288.54998779296875,300.0799865722656,300.0799865722656,6090600,1.0264408425085272
2018-04-20,295.1700134277344,299.9800109863281,289.75,290.239990234375,290.239990234375,5627900,0.9704427018363709
2018-04-23,291.2900085449219,291.6199951171875,282.3299865722656,283.3699951171875,283.3699951171875,4893400,0.9797054511292475
2018-04-24,285.0,287.0899963378906,278.4599914550781,283.4599914550781,283.4599914550781,5685300,1.003860170544814
2018-04-25,283.5,285.1600036621094,277.25,280.69000244140625,280.69000244140625,4013600,0.9937336647057381
2018-04-26,278.75,285.7900085449219,276.5,285.4800109863281,285.4800109863281,4356000,1.0207015213070938
2018-04-27,285.3699951171875,294.4700012207031,283.8299865722656,294.0799865722656,294.0799865722656,4364600,1.0337456946540924
2018-04-30,293.6099853515625,298.7300109863281,292.5,293.8999938964844,293.8999938964844,4228200,1.002797896007193
2018-05-01,293.510009765625,300.82000732421875,293.2200012207031,299.9200134277344,299.9200134277344,4625600,1.0239672914903883
2018-05-02,298.57000732421875,306.8500061035156,297.7799987792969,301.1499938964844,301.1499938964844,8970400,1.0074601243428924
2018-05-03,278.7900085449219,288.0400085449219,275.2300109863281,284.45001220703125,284.45001220703125,17352100,0.9476928801975331
2018-05-04,283.0,296.8599853515625,279.5199890136719,294.0899963378906,294.0899963378906,8569400,1.037537426962917
2018-05-07,297.5,305.9599914550781,295.1700134277344,302.7699890136719,302.7699890136719,8678200,1.0330273731506743
2018-05-08,300.79998779296875,307.75,299.0,301.9700012207031,301.9700012207031,5930000,1.0006627968794544
2018-05-09,300.4100036621094,307.010009765625,300.04998779296875,306.8500061035156,306.8500061035156,5727400,1.019536847057726
2018-05-10,307.5,312.989990234375,304.1099853515625,305.0199890136719,305.0199890136719,5651600,0.9972861956080431
2018-05-11,307.70001220703125,308.8800048828125,299.0799865722656,301.05999755859375,301.05999755859375,4679600,0.9902638261889253
2018-05-14,303.32000732421875,304.94000244140625,291.6199951171875,291.9700012207031,291.9700012207031,7286800,0.9730387375734386
2018-05-15,285.010009765625,286.9599914550781,280.5,284.17999267578125,284.17999267578125,9519200,0.9766642316512498
2018-05-16,283.8299865722656,288.80999755859375,281.55999755859375,286.4800109863281,286.4800109863281,5674000,1.011653430312519
2018-05-17,285.8999938964844,289.19000244140625,283.9700012207031,284.5400085449219,284.5400085449219,4420600,0.9967072915607696
2018-05-18,284.6499938964844,284.6499938964844,274.0,276.82000732421875,276.82000732421875,7251900,0.9762996366714207
2018-05-21,281.3299865722656,291.489990234375,281.29998779296875,284.489990234375,284.489990234375,9182600,1.0314334808205734
2018-05-22,287.760009765625,288.0,273.4200134277344,275.010009765625,275.010009765625,8945800,0.970087196159063
2018-05-23,277.760009765625,279.9100036621094,274.0,279.07000732421875,279.07000732421875,5985100,1.0184664697575165
2018-05-24,278.3999938964844,281.1099853515625,274.8900146484375,277.8500061035156,277.8500061035156,4176700,0.9992088279393375
2018-05-25,277.6300048828125,279.6400146484375,275.6099853515625,278.8500061035156,278.8500061035156,3875100,1.0072241284302237
2018-05-29,278.510009765625,286.5,276.1499938964844,283.760009765625,283.760009765625,5666600,1.0212704823908032
2018-05-30,283.2900085449219,295.010009765625,281.6000061035156,291.7200012207031,291.7200012207031,7489700,1.0316876189900577
2018-05-31,287.2099914550781,290.3699951171875,282.92999267578125,284.7300109863281,284.7300109863281,5919700,0.9793960160662367
2018-06-01,285.8599853515625,291.95001220703125,283.8399963378906,291.82000732421875,291.82000732421875,5424400,1.0285130089332724
2018-06-04,294.3399963378906,299.0,293.54998779296875,296.739990234375,296.739990234375,4797800,1.0203561748196932
2018-06-05,297.70001220703125,297.79998779296875,286.739990234375,291.1300048828125,291.1300048828125,5995200,0.9844120325157614
2018-06-06,300.5,322.1700134277344,297.4800109863281,319.5,319.5,18767300,1.101230464353559
2018-06-07,316.1499938964844,330.0,313.5799865722656,316.0899963378906,316.0899963378906,14345300,0.992433269506721
2018-06-08,319.0,324.4800109863281,317.1499938964844,317.6600036621094,317.6600036621094,8205200,1.0081564230984432
2018-06-11,322.510009765625,334.6600036621094,322.5,332.1000061035156,332.1000061035156,13183500,1.0487589283864263
2018-06-12,344.70001220703125,354.9700012207031,338.0,342.7699890136719,342.7699890136719,22347400,1.035246096934555
2018-06-13,346.7099914550781,347.20001220703125,339.79998779296875,344.7799987792969,344.7799987792969,9469800,1.0088071213458845
2018-06-14,347.6300048828125,358.75,346.6000061035156,357.7200012207031,357.7200012207031,10981000,1.0405491956801
2018-06-15,353.8399963378906,364.6700134277344,351.25,358.1700134277344,358.1700134277344,10848300,1.0040648469445763
2018-06-18,355.3999938964844,373.7300109863281,354.5,370.8299865722656,370.8299865722656,12073200,1.0382450167454917
2018-06-19,365.1600036621094,370.0,346.25,352.54998779296875,352.54998779296875,12761900,0.9532758310394056
2018-06-20,358.0400085449219,364.3800048828125,352.0,362.2200012207031,362.2200012207031,8383700,1.0303513406293106
2018-06-21,362.0,366.2099914550781,346.2699890136719,347.510009765625,347.510009765625,7967100,0.9620453147424098
2018-06-22,351.5400085449219,352.25,332.0,333.6300048828125,333.6300048828125,10266100,0.9628293425303229
2018-06-25,330.1199951171875,338.4700012207031,327.5,333.010009765625,333.010009765625,6931300,1.0011424251487666
2018-06-26,336.04998779296875,343.54998779296875,325.79998779296875,342.0,342.0,7452500,1.0300894248382066
2018-06-27,345.0,350.7900085449219,339.5,344.5,344.5,8333700,1.0102639296187683
2018-06-28,348.6600036621094,357.0199890136719,346.1099853515625,349.92999267578125,349.92999267578125,8398000,1.0187190470910663
2018-06-29,353.3299865722656,353.8599853515625,342.4100036621094,342.95001220703125,342.95001220703125,6492400,0.9828619476850003
2018-07-02,360.07000732421875,364.7799987792969,329.8500061035156,335.07000732421875,335.07000732421875,18759800,0.9798800858686706
2018-07-03,331.75,332.489990234375,309.69000244140625,310.8599853515625,310.8599853515625,12282600,0.9305234787206423
2018-07-05,313.760009765625,314.3900146484375,296.2200012207031,309.1600036621094,309.1600036621094,17476400,0.9977409742382227
2018-07-06,304.95001220703125,312.07000732421875,302.0,308.8999938964844,308.8999938964844,8865500,1.0024013182294298
2018-07-09,311.989990234375,318.5199890136719,308.0,318.510009765625,318.510009765625,7596800,1.034459292235997
2018-07-10,324.55999755859375,327.67999267578125,319.20001220703125,322.4700012207031,322.4700012207031,9471500,1.015621527833845
2018-07-11,315.79998779296875,321.94000244140625,315.07000732421875,318.9599914550781,318.9599914550781,4884100,0.9921920871120358
2018-07-12,321.42999267578125,323.2300109863281,312.7699890136719,316.7099914550781,316.7099914550781,5721200,0.9960686877796177
2018-07-13,315.5799865722656,319.5799865722656,309.25,318.8699951171875,318.8699951171875,5869800,1.0100091975155592
2018-07-16,311.7099914550781,315.1600036621094,306.25,310.1000061035156,310.1000061035156,7818700,0.9755560791108725
2018-07-17,308.80999755859375,324.739990234375,308.5,322.69000244140625,322.69000244140625,6996200,1.0439663412149511
2018-07-18,325.0,325.5,316.25,323.8500061035156,323.8500061035156,5624200,1.0067145501747534
2018-07-19,316.3299865722656,323.5400085449219,314.010009765625,320.2300109863281,320.2300109863281,5915300,0.9918847914893721
2018-07-20,321.2300109863281,323.239990234375,311.7099914550781,313.5799865722656,313.5799865722656,5162200,0.9823010863026144
2018-07-23,301.8399963378906,305.5,292.8599853515625,303.20001220703125,303.20001220703125,10992900,0.9699917628505438
2018-07-24,304.4200134277344,307.7200012207031,292.54998779296875,297.42999267578125,297.42999267578125,9590800,0.9842156871655513
2018-07-25,296.739990234375,309.6199951171875,294.5,308.739990234375,308.739990234375,7075400,1.0415275035008273
2018-07-26,304.8500061035156,310.70001220703125,303.6400146484375,306.6499938964844,306.6499938964844,4630500,0.996458060790018
2018-07-27,307.25,307.69000244140625,295.3399963378906,297.17999267578125,297.17999267578125,5703300,0.9722885608053645
2018-07-30,295.8999938964844,296.1000061035156,286.1300048828125,290.1700134277344,290.1700134277344,6814100,0.979708355065611
2018-07-31,292.25,298.32000732421875,289.07000732421875,298.1400146484375,298.1400146484375,5076900,1.0310198181145251
2018-08-01,297.989990234375,303.0,293.0,300.8399963378906,300.8399963378906,10129400,1.0124519805716197
2018-08-02,328.44000244140625,349.989990234375,323.1600036621094,349.5400085449219,349.5400085449219,23215000,1.1657551121066054
2018-08-03,347.80999755859375,355.0,342.5299987792969,348.1700134277344,348.1700134277344,13656500,0.9989384429100919
2018-08-06,345.4599914550781,354.9800109863281,341.82000732421875,341.989990234375,341.989990234375,8564300,0.9850792897053086
2018-08-07,343.8399963378906,387.4599914550781,339.1499938964844,379.57000732421875,379.57000732421875,30875800,1.113141201192816
2018-08-08,369.0899963378906,382.6400146484375,367.1199951171875,370.3399963378906,370.3399963378906,24571200,0.9782602667218703
2018-08-09,365.54998779296875,367.010009765625,345.7300109863281,352.45001220703125,352.45001220703125,17183800,0.9542698210366375
2018-08-10,354.0,360.0,346.0,355.489990234375,355.489990234375,11552000,1.0114951711111733
2018-08-13,361.1300048828125,363.19000244140625,349.0199890136719,356.4100036621094,356.4100036621094,10463900,1.0054162697978155
2018-08-14,358.45001220703125,359.20001220703125,347.1000061035156,347.6400146484375,347.6400146484375,6986400,0.9781379563501008
2018-08-15,341.9100036621094,344.489990234375,332.1400146484375,338.69000244140625,338.69000244140625,9101300,0.9770655092572214
2018-08-16,339.9100036621094,342.2799987792969,333.82000732421875,335.45001220703125,335.45001220703125,6064000,0.9933667262335856
2018-08-17,323.5,326.7699890136719,303.5299987792969,305.5,305.5,18958600,0.9134399427406491
2018-08-20,291.70001220703125,308.5,288.20001220703125,308.44000244140625,308.44000244140625,17402300,1.0129392526811372
2018-08-21,310.6099853515625,324.7900085449219,309.0,321.8999938964844,321.8999938964844,13172200,1.0470335393580865
2018-08-22,320.8699951171875,323.8800048828125,314.6700134277344,321.6400146484375,321.6400146484375,5946000,1.0023060790465201
2018-08-23,319.1400146484375,327.32000732421875,318.1000061035156,320.1000061035156,320.1000061035156,5147300,0.9983158416908321
2018-08-24,320.70001220703125,323.8500061035156,319.3999938964844,322.82000732421875,322.82000732421875,3602600,1.0116577911298954
2018-08-27,318.0,322.44000244140625,308.80999755859375,319.2699890136719,319.2699890136719,13079300,0.9920762592364935
2018-08-28,318.4100036621094,318.8800048828125,311.19000244140625,311.8599853515625,311.8599853515625,7649100,0.9798598552066622
2018-08-29,310.2699890136719,311.8500061035156,303.69000244140625,305.010009765625,305.010009765625,7447400,0.981181316793406
2018-08-30,302.260009765625,304.6000061035156,297.7200012207031,303.1499938964844,303.1499938964844,7216700,0.9971710935774659
2018-08-31,302.0,305.30999755859375,298.6000061035156,301.6600036621094,301.6600036621094,5375100,0.9983783212170347
2018-09-04,296.94000244140625,298.19000244140625,288.0,288.95001220703125,288.95001220703125,8350500,0.9610523803883201
2018-09-05,285.04998779296875,286.7799987792969,277.17999267578125,280.739990234375,280.739990234375,7720800,0.9749608554714269
2018-09-06,284.79998779296875,291.1700134277344,278.8800048828125,280.95001220703125,280.95001220703125,7480800,1.0043255237538347
2018-09-07,260.1000061035156,268.3500061035156,252.25,263.239990234375,263.239990234375,22491900,0.9403106938952419
2018-09-10,273.260009765625,286.0299987792969,271.0,285.5,285.5,14283500,1.0886974169913466
2018-09-11,279.4700012207031,282.0,273.54998779296875,279.44000244140625,279.44000244140625,9170000,0.982214419829196
2018-09-12,281.44000244140625,292.5,278.6499938964844,290.5400085449219,290.5400085449219,10015400,1.0434564214819022
2018-09-13,288.0199890136719,295.0,285.17999267578125,289.4599914550781,289.4599914550781,6340300,0.9997236406455678
2018-09-14,288.760009765625,297.3299865722656,286.5199890136719,295.20001220703125,295.20001220703125,6765600,1.0233655305817435
2018-09-17,290.0400085449219,300.8699951171875,288.1300048828125,294.8399963378906,294.8399963378906,6887600,1.002175336860316
2018-09-18,296.69000244140625,302.6400146484375,275.5,284.9599914550781,284.9599914550781,16547500,0.9697794548275135
2018-09-19,280.510009765625,300.0,280.5,299.0199890136719,299.0199890136719,8294900,1.0530356318206053
2018-09-20,303.55999755859375,305.9800109863281,293.3299865722656,298.3299865722656,298.3299865722656,7349400,1.0010401904906436
2018-09-21,297.70001220703125,300.5799865722656,295.3699951171875,299.1000061035156,299.1000061035156,5050500,1.0059530474933103
2018-09-24,298.4800109863281,303.0,293.5799865722656,299.67999267578125,299.67999267578125,4843000,1.0053001896676144
2018-09-25,300.0,304.6000061035156,296.5,300.989990234375,300.989990234375,4481700,1.0077340217464825
2018-09-26,301.9100036621094,313.8900146484375,301.1099853515625,309.5799865722656,309.5799865722656,7843200,1.0319677210909544
2018-09-27,312.8999938964844,314.9599914550781,306.9100036621094,307.5199890136719,307.5199890136719,8509100,0.9965649179962437
2018-09-28,270.260009765625,278.0,260.55999755859375,264.7699890136719,264.7699890136719,33649700,0.8637935485566725
2018-10-01,305.7699890136719,311.44000244140625,301.04998779296875,310.70001220703125,310.70001220703125,21777600,1.1779202530539852
2018-10-02,313.95001220703125,316.8399963378906,299.1499938964844,301.0199890136719,301.0199890136719,11743500,0.9719728031926687
2018-10-03,303.3299865722656,304.6000061035156,291.57000732421875,294.79998779296875,294.79998779296875,7995000,0.9826011552168104
2018-10-04,293.95001220703125,294.0,277.6700134277344,281.8299865722656,281.8299865722656,9814200,0.9592579927908711
2018-10-05,274.6499938964844,274.8800048828125,260.0,261.95001220703125,261.95001220703125,17944500,0.9327708034470314
2018-10-08,264.5199890136719,267.760009765625,249.0,250.55999755859375,250.55999755859375,13472700,0.9601838890116843
2018-10-09,255.25,266.7699890136719,253.3000030517578,262.79998779296875,262.79998779296875,12060600,1.0530533353257723
2018-10-10,264.6099853515625,265.510009765625,247.77000427246094,256.8800048828125,256.8800048828125,12815300,0.9812070926678309
2018-10-11,257.5299987792969,262.25,249.02999877929688,252.22999572753906,252.22999572753906,8167700,0.9857354655087448
2018-10-12,261.0,261.989990234375,252.00999450683594,258.7799987792969,258.7799987792969,7201400,1.0300521561125442
2018-10-15,259.05999755859375,263.2799987792969,254.5399932861328,259.5899963378906,259.5899963378906,6200000,1.0070214817564005
2018-10-16,265.70001220703125,277.3800048828125,262.239990234375,276.5899963378906,276.5899963378906,9526400,1.069608261165989
2018-10-17,282.3999938964844,282.70001220703125,265.79998779296875,271.7799987792969,271.7799987792969,8655500,0.9861751238824995
2018-10-18,269.2900085449219,271.0,263.0,263.9100036621094,263.9100036621094,5421200,0.9746288679069425
2018-10-19,267.3900146484375,269.6600036621094,253.5,260.0,260.0,9375500,0.9889315597673137
2018-10-22,260.67999267578125,261.8599853515625,252.58999633789062,260.95001220703125,260.95001220703125,5600300,1.0075290046603522
2018-10-23,263.8699951171875,297.92999267578125,262.1000061035156,294.1400146484375,294.1400146484375,19027800,1.1315252965411535
2018-10-24,301.04998779296875,304.44000244140625,285.7300109863281,288.5,288.5,20058300,0.9841713365062007
2018-10-25,317.2200012207031,321.0,301.010009765625,314.8599853515625,314.8599853515625,20840700,1.0951651664402173
2018-10-26,308.25,339.8999938964844,306.6499938964844,330.8999938964844,330.8999938964844,27425500,1.0542917521831747
2018-10-29,337.4700012207031,347.1600036621094,326.5,334.8500061035156,334.8500061035156,14486000,1.0150045841121915
2018-10-30,328.3900146484375,337.8999938964844,322.260009765625,329.8999938964844,329.8999938964844,9126700,0.9881683027263253
2018-10-31,332.5400085449219,342.0,329.1000061035156,337.32000732421875,337.32000732421875,7624300,1.0256005277713214
2018-11-01,338.260009765625,347.8399963378906,334.7300109863281,344.2799987792969,344.2799987792969,8000100,1.0236679093771681
2018-11-02,343.739990234375,349.20001220703125,340.9100036621094,346.4100036621094,346.4100036621094,7808000,1.0091179354868993
2018-11-05,340.5,343.9599914550781,330.1400146484375,341.3999938964844,341.3999938964844,7831000,0.9883905801131697
2018-11-06,339.07000732421875,348.79998779296875,336.0899963378906,341.05999755859375,341.05999755859375,6762900,1.001938906210175
2018-11-07,343.3399963378906,351.17999267578125,340.79998779296875,348.1600036621094,348.1600036621094,7374500,1.0238193441206502
2018-11-08,348.5,357.5799865722656,348.44000244140625,351.3999938964844,351.3999938964844,7090700,1.0122133603803674
2018-11-09,349.0,354.0,345.2300109863281,350.510009765625,350.510009765625,5098800,1.0003139722347516
2018-11-12,348.3699951171875,349.7799987792969,330.3399963378906,331.2799987792969,331.2799987792969,6941500,0.9478412335070093
2018-11-13,333.1600036621094,344.70001220703125,332.20001220703125,338.7300109863281,338.7300109863281,5448600,1.0255843897246646
2018-11-14,342.70001220703125,347.1099853515625,337.1499938964844,344.0,344.0,5040300,1.0185650928543797
2018-11-15,342.3299865722656,348.5799865722656,339.0400085449219,348.44000244140625,348.44000244140625,4625700,1.0158600654268404
2018-11-16,345.19000244140625,355.70001220703125,345.1199951171875,354.30999755859375,354.30999755859375,7206200,1.019773184057429
2018-11-19,356.3399963378906,366.75,352.8800048828125,353.4700012207031,353.4700012207031,9708900,1.0004528704628088
2018-11-20,341.75,349.79998779296875,333.54998779296875,347.489990234375,347.489990234375,8004700,0.9858711068485801
2018-11-21,352.0,353.1000061035156,337.3999938964844,338.19000244140625,338.19000244140625,4686800,0.9760455192735743
2018-11-23,334.3500061035156,337.5,325.54998779296875,325.8299865722656,325.8299865722656,4202600,0.966309748845194
2018-11-26,325.0,346.2200012207031,325.0,346.0,346.0,7992100,1.06517259582814
2018-11-27,340.04998779296875,346.9599914550781,335.5,343.9200134277344,343.9200134277344,6358300,0.9968696041383605
2018-11-28,345.989990234375,348.2799987792969,342.2099914550781,347.8699951171875,347.8699951171875,4127600,1.0144347996489749
2018-11-29,347.0,347.5,339.54998779296875,341.1700134277344,341.1700134277344,3080700,0.9835673832568671
2018-11-30,341.8299865722656,351.6000061035156,338.260009765625,350.4800109863281,350.4800109863281,5629100,1.0303083668507542
2018-12-03,360.0,366.0,352.0,358.489990234375,358.489990234375,8306500,1.0257811003914594
2018-12-04,356.04998779296875,368.67999267578125,352.0,359.70001220703125,359.70001220703125,8461900,1.0061820527372174
2018-12-06,356.010009765625,367.3800048828125,350.760009765625,363.05999755859375,363.05999755859375,7842500,1.012154962930545
2018-12-07,369.0,379.489990234375,357.6499938964844,357.9700012207031,357.9700012207031,11511200,0.988703539840165
2018-12-10,360.0,365.9800109863281,353.1199951171875,365.1499938964844,365.1499938964844,6613500,1.0229150703078935
2018-12-11,369.9100036621094,372.1700134277344,360.2300109863281,366.760009765625,366.760009765625,6308800,1.0071674197800002
2018-12-12,369.4200134277344,371.9100036621094,365.1600036621094,366.6000061035156,366.6000061035156,5027000,1.0022965778528627
2018-12-13,370.1499938964844,377.44000244140625,366.75,376.7900085449219,376.7900085449219,7365900,1.0306072271733986
2018-12-14,375.0,377.8699951171875,364.3299865722656,365.7099914550781,365.7099914550781,6337600,0.973176463288968
2018-12-17,362.0,365.70001220703125,343.8800048828125,348.4200134277344,348.4200134277344,7674000,0.9553344344574936
2018-12-18,350.5400085449219,351.54998779296875,333.69000244140625,337.0299987792969,337.0299987792969,7100000,0.9700937935442263
2018-12-19,337.6000061035156,347.010009765625,329.739990234375,332.9700012207031,332.9700012207031,8274200,0.9908936774403777
2018-12-20,327.04998779296875,330.2900085449219,311.8699951171875,315.3800048828125,315.3800048828125,9071900,0.9500256159385284
2018-12-21,317.3999938964844,323.4700012207031,312.44000244140625,319.7699890136719,319.7699890136719,8016800,1.0171448057991745
2018-12-24,313.5,314.5,295.20001220703125,295.3900146484375,295.3900146484375,5559900,0.9266556602847842
2018-12-26,300.0,326.9700012207031,294.0899963378906,326.0899963378906,326.0899963378906,8163100,1.1076802204969807
2018-12-27,319.8399963378906,322.1700134277344,301.5,316.1300048828125,316.1300048828125,8575100,0.9724384276476926
2018-12-28,323.1000061035156,336.239990234375,318.4100036621094,333.8699951171875,333.8699951171875,9939000,1.0594674894297795
2018-12-31,337.7900085449219,339.2099914550781,325.260009765625,332.79998779296875,332.79998779296875,6302300,0.9997896856873684
2019-01-02,306.1000061035156,315.1300048828125,298.79998779296875,310.1199951171875,310.1199951171875,11658600,0.934659453063908
2019-01-03,307.0,309.3999938964844,297.3800048828125,300.3599853515625,300.3599853515625,6965200,0.9716614586439027
2019-01-04,306.0,318.0,302.7300109863281,317.69000244140625,317.69000244140625,7394100,1.0612306854181508
2019-01-07,321.7200012207031,336.739990234375,317.75,334.9599914550781,334.9599914550781,7551200,1.057690450828337
2019-01-08,341.9599914550781,344.010009765625,327.0199890136719,335.3500061035156,335.3500061035156,7008500,1.0041622190801394
2019-01-09,335.5,343.5,331.4700012207031,338.5299987792969,338.5299987792969,5432900,1.0125018471645761
2019-01-10,334.3999938964844,345.3900146484375,331.7900085449219,344.9700012207031,344.9700012207031,6056400,1.0220424924253062
2019-01-11,342.0899963378906,348.4100036621094,338.7699890136719,347.260009765625,347.260009765625,5039100,1.0095648124349392
2019-01-14,342.3800048828125,342.5,334.0,334.3999938964844,334.3999938964844,5247300,0.9657482367739538
2019-01-15,335.0,348.79998779296875,334.5,344.42999267578125,344.42999267578125,6056600,1.0330833802676118
2019-01-16,344.7799987792969,352.0,343.5,346.04998779296875,346.04998779296875,4691700,1.0076289059577301
2019-01-17,346.2099914550781,351.5,344.1499938964844,347.30999755859375,347.30999755859375,3676700,1.0065498039286442
2019-01-18,323.0,327.1300048828125,299.7300109863281,302.260009765625,302.260009765625,24150800,0.8728018593066585
2019-01-22,304.82000732421875,308.0,295.5,298.9200134277344,298.9200134277344,12066700,0.992232635391232
2019-01-23,292.5,294.5,281.69000244140625,287.5899963378906,287.5899963378906,12530000,0.9653262062827159
2019-01-24,283.0299987792969,293.67999267578125,279.2799987792969,291.510009765625,291.510009765625,8012200,1.0171674290470825
2019-01-25,294.3900146484375,298.5199890136719,289.54998779296875,297.0400085449219,297.0400085449219,7249600,1.0224777066530861
2019-01-28,292.9100036621094,297.4599914550781,287.75,296.3800048828125,296.3800048828125,6423300,1.0011484810433622
2019-01-29,295.2699890136719,298.55999755859375,291.79998779296875,297.4599914550781,297.4599914550781,4621700,1.0070417311188373
2019-01-30,300.45001220703125,309.0,298.489990234375,308.7699890136719,308.7699890136719,11250300,1.0415233013337621
2019-01-31,301.0,311.55999755859375,294.0,307.0199890136719,307.0199890136719,12569200,0.997563115226395
2019-02-01,305.4200134277344,316.1000061035156,303.5,312.2099914550781,312.2099914550781,7283400,1.0202274448193962
2019-02-04,312.9800109863281,315.29998779296875,301.8800048828125,312.8900146484375,312.8900146484375,7352100,1.0053983587914526
2019-02-05,312.489990234375,322.44000244140625,312.25,321.3500061035156,321.3500061035156,6742800,1.0303311776933335
2019-02-06,319.5899963378906,324.239990234375,315.6199951171875,317.2200012207031,317.2200012207031,5038500,0.9902294214978067
2019-02-07,313.29998779296875,314.70001220703125,303.0,307.510009765625,307.510009765625,6520600,0.9724559122716622
2019-02-08,306.8299865722656,307.45001220703125,298.5,305.79998779296875,305.79998779296875,5844200,0.9976835276172573
2019-02-11,311.6000061035156,318.6000061035156,310.5,312.8399963378906,312.8399963378906,7129700,1.0263779818468461
2019-02-12,316.20001220703125,318.19000244140625,309.6199951171875,311.80999755859375,311.80999755859375,5517600,0.9999038007322693
2019-02-13,312.3500061035156,312.75,305.57000732421875,308.1700134277344,308.1700134277344,5141600,0.9915061157890789
2019-02-14,303.3800048828125,306.7699890136719,301.0,303.7699890136719,303.7699890136719,5200800,0.9889311317334614
2019-02-15,304.5,308.0,303.8999938964844,307.8800048828125,307.8800048828125,3904900,1.0168775507961916
2019-02-19,306.55999755859375,311.5400085449219,305.4700012207031,305.6400146484375,305.6400146484375,4168400,0.995959364524748
2019-02-20,304.4100036621094,306.29998779296875,299.0,302.55999755859375,302.55999755859375,7142100,0.993172213137384
2019-02-21,301.80999755859375,303.239990234375,290.5,291.2300109863281,291.2300109863281,8909200,0.9657448379894668
2019-02-22,294.489990234375,296.5,292.1000061035156,294.7099914550781,294.7099914550781,5740600,1.0154359656106033
2019-02-25,297.9100036621094,302.8999938964844,297.0,298.7699890136719,298.7699890136719,6626500,1.0172278700275936
2019-02-26,292.2200012207031,302.010009765625,288.7699890136719,297.8599853515625,297.8599853515625,8582500,1.000302234413175
2019-02-27,301.7799987792969,316.29998779296875,300.54998779296875,314.739990234375,314.739990234375,11183900,1.0602304310620974
2019-02-28,318.9200134277344,320.0,310.80999755859375,319.8800048828125,319.8800048828125,10520700,1.0195703921704424
2019-03-01,306.94000244140625,307.1300048828125,291.8999938964844,294.7900085449219,294.7900085449219,22911400,0.9244543528317379
2019-03-04,298.1199951171875,299.0,282.7799987792969,285.3599853515625,285.3599853515625,17096800,0.9713059568121072
2019-03-05,282.0,284.0,270.1000061035156,276.5400085449219,276.5400085449219,18764700,0.9724997284798261
2019-03-06,276.4800109863281,281.510009765625,274.3900146484375,276.239990234375,276.239990234375,10335500,1.0025403994619497
2019-03-07,278.8399963378906,284.70001220703125,274.25,276.5899963378906,276.5899963378906,9442500,1.004904832696608
2019-03-08,276.9100036621094,285.5899963378906,275.8900146484375,284.1400146484375,284.1400146484375,8819600,1.0310244146165015
2019-03-11,283.5199890136719,291.2799987792969,280.5,290.9200134277344,290.9200134277344,7392300,1.0274775671992422
2019-03-12,286.489990234375,288.07000732421875,281.05999755859375,283.3599853515625,283.3599853515625,7504100,0.9773729726395483
2019-03-13,283.8999938964844,291.989990234375,282.70001220703125,288.9599914550781,288.9599914550781,6844700,1.0233744384683192
2019-03-14,292.45001220703125,295.3900146484375,288.2900085449219,289.9599914550781,289.9599914550781,7103400,1.006945409290693
2019-03-15,283.510009765625,283.7200012207031,274.3999938964844,275.42999267578125,275.42999267578125,14785500,0.9531769131388549
2019-03-18,276.0,278.04998779296875,267.29998779296875,269.489990234375,269.489990234375,10281000,0.9819990432050096
2019-03-19,267.5,273.29998779296875,263.4599914550781,267.4700012207031,267.4700012207031,11800600,0.9962010166085467
2019-03-20,269.69000244140625,274.9700012207031,266.29998779296875,273.6000061035156,273.6000061035156,6908200,1.026757251661162
2019-03-21,272.6000061035156,276.45001220703125,268.45001220703125,274.0199890136719,274.0199890136719,5947100,1.0052090347702232
2019-03-22,272.5799865722656,272.79998779296875,264.0,264.5299987792969,264.5299987792969,8745600,0.9689034115595475
2019-03-25,259.7099914550781,263.17999267578125,254.4600067138672,260.4200134277344,260.4200134277344,10215000,0.9881987425873019
2019-03-26,264.44000244140625,270.260009765625,264.42999267578125,267.7699890136719,267.7699890136719,7350900,1.0321870910251245
2019-03-27,268.75,275.3699951171875,268.17999267578125,274.8299865722656,274.8299865722656,8779200,1.0302132844417544
2019-03-28,277.1600036621094,280.3299865722656,275.1000061035156,278.6199951171875,278.6199951171875,6774100,1.0174926369638402
2019-03-29,278.70001220703125,280.1600036621094,274.5,279.8599853515625,279.8599853515625,5991300,1.008068547920799
2019-04-01,282.6199951171875,289.20001220703125,281.2799987792969,289.17999267578125,289.17999267578125,8110400,1.0370078457517244
2019-04-02,288.29998779296875,289.44000244140625,283.8800048828125,285.8800048828125,285.8800048828125,5478900,0.9920189192469153
2019-04-03,287.32000732421875,296.1700134277344,287.1700134277344,291.80999755859375,291.80999755859375,7929900,1.0243260058866959
2019-04-04,261.8900146484375,271.20001220703125,260.5899963378906,267.7799987792969,267.7799987792969,23720700,0.9208074035533916
2019-04-05,269.8599853515625,276.1000061035156,266.1099853515625,274.9599914550781,274.9599914550781,13038300,1.0306619413494653
2019-04-08,277.69000244140625,281.1600036621094,270.44000244140625,273.20001220703125,273.20001220703125,10410400,0.9972259480517195
2019-04-09,271.6499938964844,275.0,269.6099853515625,272.30999755859375,272.30999755859375,5904000,1.0004040607885016
2019-04-10,276.739990234375,278.3800048828125,272.8900146484375,276.05999755859375,276.05999755859375,7061300,1.0175076482353886
2019-04-11,268.29998779296875,270.5,265.6000061035156,268.4200134277344,268.4200134277344,9835900,0.975859869883679
2019-04-12,270.2200012207031,271.95001220703125,266.8299865722656,267.70001220703125,267.70001220703125,6746000,1.001047037488735
2019-04-15,268.6300048828125,268.8800048828125,258.6300048828125,266.3800048828125,266.3800048828125,10038600,0.998800122573784
2019-04-16,265.75,275.0,264.7200012207031,273.3599853515625,273.3599853515625,7272900,1.0300700140248842
2019-04-17,274.75,274.7900085449219,268.5400085449219,271.2300109863281,271.2300109863281,5126500,0.9958511733514165
2019-04-18,271.2300109863281,274.8399963378906,269.75,273.260009765625,273.260009765625,5876300,1.0112126657148017
2019-04-22,269.0,269.67999267578125,262.4800109863281,262.75,262.75,12147100,0.9650701189138585
2019-04-23,260.1499938964844,265.6000061035156,255.75,263.8999938964844,263.8999938964844,10943900,1.0082139212855181
2019-04-24,263.8500061035156,265.32000732421875,258.0,258.6600036621094,258.6600036621094,10727500,0.9838722315222096
2019-04-25,255.0,259.0,246.07000732421875,247.6300048828125,247.6300048828125,21849400,0.9610727367975589
2019-04-26,246.5,246.67999267578125,231.1300048828125,235.13999938964844,235.13999938964844,22360700,0.9534119723241963
2019-04-29,235.86000061035156,243.97999572753906,232.1699981689453,241.47000122070312,241.47000122070312,16714500,1.0313060641076381
2019-04-30,242.05999755859375,244.2100067138672,237.0,238.69000244140625,238.69000244140625,9464600,0.9925978343649476
2019-05-01,238.85000610351562,240.0,231.5,234.00999450683594,234.00999450683594,10704400,0.9845176158156779
2019-05-02,245.52000427246094,247.1300048828125,237.72000122070312,244.10000610351562,244.10000610351562,18159300,1.0475945747312325
2019-05-03,243.86000061035156,256.6099853515625,243.49000549316406,255.02999877929688,255.02999877929688,23706800,1.0490744235962761
2019-05-06,250.02000427246094,258.3500061035156,248.5,255.33999633789062,255.33999633789062,10833900,1.0051568616497608
2019-05-07,256.79998779296875,257.2099914550781,245.10000610351562,247.05999755859375,247.05999755859375,10131400,0.9713769014542825
2019-05-08,246.94000244140625,250.60000610351562,244.1999969482422,244.83999633789062,244.83999633789062,6176400,0.9950418546988216
2019-05-09,242.0,243.67999267578125,236.94000244140625,241.97999572753906,241.97999572753906,6711400,0.9923720446264519
2019-05-10,239.75,241.99000549316406,236.02000427246094,239.52000427246094,239.52000427246094,7008300,0.9939414412774377
2019-05-13,232.00999450683594,232.47000122070312,224.5,227.00999450683594,227.00999450683594,10834800,0.9517440484678295
2019-05-14,229.3000030517578,234.5,228.0,232.30999755859375,232.30999755859375,7252400,1.027874886973493
2019-05-15,229.32000732421875,232.44000244140625,225.25,231.9499969482422,231.9499969482422,7296000,1.0027668470727744
2019-05-16,229.49000549316406,231.0,226.5,228.3300018310547,228.3300018310547,7483300,0.9886555741424207
2019-05-17,221.9600067138672,222.24000549316406,208.9199981689453,211.02999877929688,211.02999877929688,17786700,0.9282980560398204
2019-05-20,202.8000030517578,206.0,195.25,205.36000061035156,205.36000061035156,20526200,0.9777650897677116
2019-05-21,197.75999450683594,207.39999389648438,196.0399932861328,205.0800018310547,205.0800018310547,18003900,1.0035232003256642
2019-05-22,199.10000610351562,203.94000244140625,191.77999877929688,192.72999572753906,192.72999572753906,18685200,0.9443845256679702
2019-05-23,194.33999633789062,199.47000122070312,186.22000122070312,195.49000549316406,195.49000549316406,26547100,1.0196109625484382
2019-05-24,199.8300018310547,199.97999572753906,188.75,190.6300048828125,190.6300048828125,14136600,0.9801532186676439
2019-05-28,191.1999969482422,195.0,187.85000610351562,188.6999969482422,188.6999969482422,10312900,0.9950956709875896
2019-05-29,187.10000610351562,192.38999938964844,185.0399932861328,189.86000061035156,189.86000061035156,11968600,1.0115077447907737
2019-05-30,188.75,192.25999450683594,187.02000427246094,188.22000122070312,188.22000122070312,7926500,0.9966112496686429
2019-05-31,185.10000610351562,189.9199981689453,184.10000610351562,185.16000366210938,185.16000366210938,10406700,0.9889969151524289
2019-06-03,185.50999450683594,186.67999267578125,176.99000549316406,178.97000122070312,178.97000122070312,13064400,0.9718179716648535
2019-06-04,181.10000610351562,193.97999572753906,179.61000061035156,193.60000610351562,193.60000610351562,13807500,1.0878238173602612
2019-06-05,198.67999267578125,201.27999877929688,191.85000610351562,196.58999633789062,196.58999633789062,13510800,1.0207164595427403
2019-06-06,204.44000244140625,211.0,201.8000030517578,205.9499969482422,205.9499969482422,20242200,1.052967947258684
2019-06-07,205.0,210.83999633789062,203.5,204.5,204.5,16003500,0.9978043573801281
2019-06-10,210.25,216.94000244140625,209.00999450683594,212.8800048828125,212.8800048828125,10585000,1.0460933900875307
2019-06-11,219.13999938964844,220.89999389648438,213.5,217.10000610351562,217.10000610351562,11653500,1.0246365919407554
2019-06-12,222.9499969482422,223.3800048828125,209.0,209.25999450683594,209.25999450683594,15186200,0.9683479342735271
2019-06-13,210.3800048828125,214.89999389648438,207.50999450683594,213.91000366210938,213.91000366210938,8168300,1.0271295942778293
2019-06-14,211.25,216.64999389648438,210.39999389648438,214.9199981689453,214.9199981689453,7433400,1.00944058274512
2019-06-17,215.47999572753906,227.0,214.27000427246094,225.02999877929688,225.02999877929688,12316800,1.0519353062146968
2019-06-18,228.72000122070312,234.74000549316406,222.55999755859375,224.74000549316406,224.74000549316406,12715800,1.0031692483941252
2019-06-19,225.11000061035156,227.77000427246094,221.05999755859375,226.42999267578125,226.42999267578125,6575100,1.0120228261221678
2019-06-20,223.0,226.89999389648438,216.35000610351562,219.6199951171875,219.6199951171875,11863500,0.9742270427744287
2019-06-21,216.22000122070312,222.17999267578125,215.5,221.86000061035156,221.86000061035156,8202100,1.0148202614835267
2019-06-24,223.24000549316406,225.86000061035156,221.02000427246094,223.63999938964844,223.63999938964844,5750800,1.012587153724596
2019-06-25,224.38999938964844,225.33999633789062,219.49000549316406,219.75999450683594,219.75999450683594,6182100,0.9870642971132418
2019-06-26,220.30999755859375,227.22999572753906,218.10000610351562,219.27000427246094,219.27000427246094,8507200,1.002331366696067
2019-06-27,219.4499969482422,222.89999389648438,217.35000610351562,222.83999633789062,222.83999633789062,6339700,1.0209373343839088
2019-06-28,220.99000549316406,225.1699981689453,220.8000030517578,223.4600067138672,223.4600067138672,6851400,1.0073026072967883
2019-07-01,230.2100067138672,233.10000610351562,226.27999877929688,227.1699981689453,227.1699981689453,8238000,1.0211723065401874
2019-07-02,228.88999938964844,229.14999389648438,222.22000122070312,224.5500030517578,224.5500030517578,9259000,0.992837267850277
2019-07-03,239.38999938964844,241.57000732421875,234.50999450683594,234.89999389648438,234.89999389648438,14201100,1.0507715978071301
2019-07-05,234.57000732421875,235.4499969482422,230.8000030517578,233.10000610351562,233.10000610351562,7065700,0.9965797870293114
2019-07-08,231.24000549316406,232.25,228.66000366210938,230.33999633789062,230.33999633789062,5880500,0.9924170197357081
2019-07-09,228.97000122070312,231.0,227.27999877929688,230.05999755859375,230.05999755859375,6190800,1.0031394489936345
2019-07-10,234.14999389648438,238.94000244140625,233.13999938964844,238.9199981689453,238.9199981689453,9145700,1.0430454933879467
2019-07-11,238.13999938964844,241.5,235.8000030517578,238.60000610351562,238.60000610351562,7514400,1.0028581369359604
2019-07-12,239.75,245.3800048828125,239.7100067138672,245.0800018310547,245.0800018310547,9200500,1.0314814626910416
2019-07-15,248.0,254.4199981689453,244.86000061035156,253.5,253.5,11000100,1.0385938958467624
2019-07-16,249.3000030517578,253.52999877929688,247.92999267578125,252.3800048828125,252.3800048828125,8149000,0.9995247718131188
2019-07-17,255.6699981689453,258.30999755859375,253.35000610351562,254.86000061035156,254.86000061035156,9764700,1.0138435661546008
2019-07-18,255.0500030517578,255.75,251.88999938964844,253.5399932861328,253.5399932861328,4764500,0.9987394338475957
2019-07-19,255.69000244140625,259.9599914550781,254.6199951171875,258.17999267578125,258.17999267578125,7048400,1.0223330939240907
2019-07-22,258.75,262.1499938964844,254.19000244140625,255.67999267578125,255.67999267578125,6842400,0.9941675089714658
2019-07-23,256.7099914550781,260.4800109863281,254.5,260.1700134277344,260.1700134277344,5023100,1.0215565451148028
2019-07-24,259.1700134277344,266.07000732421875,258.1600036621094,264.8800048828125,264.8800048828125,11072800,1.022031836860904
2019-07-25,233.5,234.5,225.5500030517578,228.82000732421875,228.82000732421875,22418300,0.8671365889425245
2019-07-26,226.9199981689453,230.25999450683594,222.25,228.0399932861328,228.0399932861328,10027700,1.000965613005187
2019-07-29,227.08999633789062,235.94000244140625,226.02999877929688,235.77000427246094,235.77000427246094,9273300,1.038451423733641
2019-07-30,232.89999389648438,243.36000061035156,232.17999267578125,242.25999450683594,242.25999450683594,8109000,1.0319035230143052
2019-07-31,243.0,246.67999267578125,236.64999389648438,241.61000061035156,241.61000061035156,9178200,1.001450742400252
2019-08-01,242.64999389648438,244.50999450683594,231.77000427246094,233.85000610351562,233.85000610351562,8259500,0.9719047650152198
2019-08-02,231.35000610351562,236.27000427246094,229.22999572753906,234.33999633789062,234.33999633789062,6136500,1.0063989271862532
2019-08-05,229.60000610351562,231.3699951171875,225.77999877929688,228.32000732421875,228.32000732421875,7028300,0.9784863757073065
2019-08-06,231.8800048828125,232.5,225.75,230.75,230.75,5564200,1.0150888288107838
2019-08-07,226.5,233.57000732421875,225.8000030517578,233.4199981689453,233.4199981689453,4776500,1.015973876687466
2019-08-08,234.4499969482422,239.8000030517578,232.64999389648438,238.3000030517578,238.3000030517578,5274300,1.025299048830292
2019-08-09,236.0500030517578,238.9600067138672,233.80999755859375,235.00999450683594,235.00999450683594,3898200,0.9903497323410384
2019-08-12,232.99000549316406,235.77000427246094,228.75,229.00999450683594,229.00999450683594,4663900,0.978633391233835
2019-08-13,228.80999755859375,236.0,227.5500030517578,235.0,235.0,4848100,1.0306565749816485
2019-08-14,231.2100067138672,231.5,216.69000244140625,219.6199951171875,219.6199951171875,9562600,0.9385469876802884
2019-08-15,220.86000061035156,221.55999755859375,211.5500030517578,215.63999938964844,215.63999938964844,8159600,0.9863690614120557
2019-08-16,216.66000366210938,222.24000549316406,216.02000427246094,219.94000244140625,219.94000244140625,5098500,1.02469252267438
2019-08-19,224.2100067138672,227.8300018310547,221.6999969482422,226.8300018310547,226.8300018310547,5309600,1.0360372672954545
2019-08-20,227.6199951171875,229.08999633789062,224.5399932861328,225.86000061035156,225.86000061035156,4125200,1.0001328378827155
2019-08-21,222.00999450683594,223.22000122070312,217.60000610351562,220.8300018310547,220.8300018310547,7794300,0.9820777427361114
2019-08-22,222.8000030517578,225.39999389648438,218.22000122070312,222.14999389648438,222.14999389648438,6559000,1.0105535734253992
2019-08-23,219.97000122070312,221.1699981689453,211.0,211.39999389648438,211.39999389648438,8538600,0.9559122755184711
2019-08-26,213.60000610351562,215.02000427246094,211.5399932861328,215.0,215.0,5051900,1.0218631475140574
2019-08-27,215.74000549316406,218.8000030517578,212.02999877929688,214.0800018310547,214.0800018310547,5416200,1.0003738403320312
2019-08-28,213.69000244140625,217.25,212.30999755859375,215.58999633789062,215.58999633789062,3225500,1.0117795874097375
2019-08-29,219.0,223.39999389648438,218.0,221.7100067138672,221.7100067138672,5179500,1.0331796006220415
2019-08-30,229.14999389648438,232.44000244140625,224.2100067138672,225.61000061035156,225.61000061035156,9320600,1.0222010500087422
2019-09-03,224.0800018310547,228.9499969482422,223.16000366210938,225.00999450683594,225.00999450683594,5354100,1.0017808374310915
2019-09-04,226.88999938964844,228.4600067138672,219.2100067138672,220.67999267578125,220.67999267578125,5761000,0.9851345836671896
2019-09-05,222.5,229.8000030517578,220.85000610351562,229.5800018310547,229.5800018310547,7395300,1.0450655930687531
2019-09-06,227.1999969482422,229.63999938964844,225.1699981689453,227.4499969482422,227.4499969482422,4189400,0.9950564140617704
2019-09-09,230.0,233.75999450683594,229.22999572753906,231.7899932861328,231.7899932861328,4802700,1.0235813486856047
2019-09-10,230.8000030517578,235.5399932861328,228.94000244140625,235.5399932861328,235.5399932861328,4883700,1.0205814815987753
2019-09-11,237.3800048828125,248.1699981689453,236.0,247.10000610351562,247.10000610351562,10042800,1.0535516891656935
2019-09-12,247.6999969482422,253.5,244.39999389648438,245.8699951171875,245.8699951171875,8581200,0.9990653759422039
2019-09-13,246.9600067138672,248.4499969482422,244.8699951171875,245.1999969482422,245.1999969482422,5313100,1.001347661361682
2019-09-16,246.0,247.42999267578125,241.1699981689453,242.80999755859375,242.80999755859375,4728100,0.994307946736203
2019-09-17,242.47000122070312,245.60000610351562,240.3699951171875,244.7899932861328,244.7899932861328,3865400,1.0123237076945795
2019-09-18,245.0,248.1699981689453,242.3699951171875,243.49000549316406,243.49000549316406,4170200,0.998769482746502
2019-09-19,246.0,247.94000244140625,244.83999633789062,246.60000610351562,246.60000610351562,4795800,1.0169491546754386
2019-09-20,246.49000549316406,246.9499969482422,238.16000366210938,240.6199951171875,240.6199951171875,6353000,0.979723082807135
2019-09-23,240.0,245.17999267578125,239.22000122070312,241.22999572753906,241.22999572753906,4340200,1.006718974389279
2019-09-24,241.52000427246094,241.99000549316406,222.61000061035156,223.2100067138672,223.2100067138672,12891500,0.9291512745436861
2019-09-25,224.55999755859375,228.97999572753906,218.36000061035156,228.6999969482422,228.6999969482422,9427100,1.0292065615331714
2019-09-26,230.66000366210938,243.30999755859375,227.39999389648438,242.55999755859375,242.55999755859375,11884500,1.0652613122947443
2019-09-27,242.1999969482422,248.7100067138672,238.72999572753906,242.1300048828125,242.1300048828125,11116400,1.0023596925400717
2019-09-30,243.0,243.97999572753906,236.11000061035156,240.8699951171875,240.8699951171875,5879800,0.9989217029803016
2019-10-01,241.5,245.9499969482422,239.1300048828125,244.69000244140625,244.69000244140625,6162600,1.0200942486444124
2019-10-02,243.2899932861328,244.64999389648438,239.42999267578125,243.1300048828125,243.1300048828125,5631400,0.997702008482156
2019-10-03,231.86000061035156,234.47999572753906,224.27999877929688,233.02999877929688,233.02999877929688,15084500,0.9624168590426457
2019-10-04,231.61000061035156,234.77999877929688,228.07000732421875,231.42999267578125,231.42999267578125,7995000,0.9974141011650552
2019-10-07,229.8000030517578,238.55999755859375,228.5500030517578,237.72000122070312,237.72000122070312,8064200,1.0316365437513988
2019-10-08,235.8699951171875,243.94000244140625,234.5,240.0500030517578,240.0500030517578,8678200,1.0140672601127185
2019-10-09,241.32000732421875,247.3000030517578,240.64999389648438,244.52999877929688,244.52999877929688,6894400,1.0229240562960904
2019-10-10,245.27999877929688,249.27999877929688,241.5800018310547,244.74000549316406,244.74000549316406,6283300,1.004968614626257
2019-10-11,247.14999389648438,251.0800018310547,246.80999755859375,247.88999938964844,247.88999938964844,8475400,1.017026314117322
2019-10-14,247.89999389648438,258.54998779296875,247.1300048828125,256.9599914550781,256.9599914550781,10205000,1.0407873631589952
2019-10-15,257.70001220703125,260.0,254.1199951171875,257.8900146484375,257.8900146484375,6432800,1.0075403315275469
2019-10-16,257.3900146484375,262.1000061035156,256.9200134277344,259.75,259.75,6684100,1.0111331121821783
2019-10-17,262.5,264.7799987792969,260.1700134277344,261.9700012207031,261.9700012207031,4769300,1.0124444491621376
2019-10-18,260.70001220703125,262.79998779296875,255.10000610351562,256.95001220703125,256.95001220703125,5749800,0.9845959727368352
2019-10-21,258.3299865722656,259.5,250.17999267578125,253.5,253.5,5020300,0.9904277706966879
2019-10-22,254.32000732421875,258.3299865722656,250.85000610351562,255.5800018310547,255.5800018310547,4600800,1.012198027053682
2019-10-23,254.5,256.1400146484375,251.35000610351562,254.67999267578125,254.67999267578125,5261100,1.0003927678686755
2019-10-24,298.3699951171875,304.92999267578125,289.20001220703125,299.67999267578125,299.67999267578125,29720900,1.1813308157052451
2019-10-25,297.7200012207031,330.0,296.1099853515625,328.1300048828125,328.1300048828125,30006100,1.098600552193663
2019-10-28,327.5400085449219,340.8399963378906,322.6000061035156,327.7099914550781,327.7099914550781,18870300,1.001772954371683
2019-10-29,319.989990234375,324.29998779296875,314.75,316.2200012207031,316.2200012207031,12684300,0.9678920433756696
2019-10-30,313.0,318.7900085449219,309.9700012207031,315.010009765625,315.010009765625,9641800,0.9993338257272225
2019-10-31,313.1000061035156,319.0,313.0,314.9200134277344,314.9200134277344,5067000,1.0028980084513504
2019-11-01,316.32000732421875,316.4800109863281,309.79998779296875,313.30999755859375,313.30999755859375,6383900,0.9980567792971217
2019-11-04,314.79998779296875,321.94000244140625,309.260009765625,317.4700012207031,317.4700012207031,8787000,1.0165220572586418
2019-11-05,319.6199951171875,323.510009765625,316.1199951171875,317.2200012207031,317.2200012207031,6943400,1.0023698928717004
2019-11-06,318.0,326.7200012207031,314.5,326.5799865722656,326.5799865722656,7940900,1.0327619546884128
2019-11-07,329.1400146484375,341.5,328.0199890136719,335.5400085449219,335.5400085449219,14467300,1.0305916284275216
2019-11-08,334.5,337.4599914550781,332.5,337.1400146484375,337.1400146484375,6069200,1.0077718838916288
2019-11-11,343.95001220703125,349.19000244140625,342.0,345.0899963378906,345.0899963378906,9986700,1.0266257550408384
2019-11-12,346.8999938964844,350.3699951171875,344.0400085449219,349.92999267578125,349.92999267578125,7359400,1.0169722932954897
2019-11-13,355.0,356.3299865722656,345.17999267578125,346.1099853515625,346.1099853515625,8420100,0.9919181286120077
2019-11-14,346.1099853515625,353.8399963378906,342.9100036621094,349.3500061035156,349.3500061035156,6464900,1.0122859984698322
2019-11-15,350.6400146484375,352.79998779296875,348.3599853515625,352.1700134277344,352.1700134277344,4809000,1.0109660033221977
2019-11-18,352.9200134277344,353.1499938964844,346.1000061035156,349.989990234375,349.989990234375,4400400,0.9966397381660203
2019-11-19,351.75,359.989990234375,347.79998779296875,359.5199890136719,359.5199890136719,7724800,1.0301727816669617
2019-11-20,360.0,361.20001220703125,349.57000732421875,352.2200012207031,352.2200012207031,6725100,0.9824277920729031
2019-11-21,354.510009765625,360.8399963378906,354.0,354.8299865722656,354.8299865722656,6110000,1.0102784162035636
2019-11-22,340.1600036621094,341.0,330.0,333.0400085449219,333.0400085449219,16870600,0.9412430296574154
2019-11-25,344.32000732421875,344.57000732421875,334.4599914550781,336.3399963378906,336.3399963378906,12339500,1.012950209861192
2019-11-26,335.2699890136719,335.5,327.1000061035156,328.9200134277344,328.9200134277344,7947400,0.9808553021403166
2019-11-27,331.1199951171875,333.92999267578125,328.57000732421875,331.2900085449219,331.2900085449219,5555600,1.0102768814930234
2019-11-29,331.1099853515625,331.260009765625,327.5,329.94000244140625,329.94000244140625,2465600,0.9989403067169438
2019-12-02,329.3999938964844,336.3800048828125,328.69000244140625,334.8699951171875,334.8699951171875,6074500,1.0180275814184003
2019-12-03,332.6199951171875,337.9100036621094,332.19000244140625,336.20001220703125,336.20001220703125,6573700,1.006978815478839
2019-12-04,337.75,337.8599853515625,332.8500061035156,333.0299987792969,333.0299987792969,5533000,0.9935262131601771
2019-12-05,332.8299865722656,334.4200134277344,327.25,330.3699951171875,330.3699951171875,3724600,0.9950004407185725
2019-12-06,335.0,338.8599853515625,334.7699890136719,335.8900146484375,335.8900146484375,7612400,1.019795426504865
2019-12-09,336.5899963378906,344.45001220703125,335.0799865722656,339.5299987792969,339.5299987792969,9023100,1.0138552477765883
2019-12-10,339.9599914550781,350.7300109863281,339.30999755859375,348.8399963378906,348.8399963378906,8828300,1.0304551962773476
2019-12-11,351.8800048828125,357.19000244140625,351.0899963378906,352.70001220703125,352.70001220703125,6897800,1.0139719868914085
2019-12-12,354.9200134277344,362.739990234375,353.2300109863281,359.67999267578125,359.67999267578125,7763900,1.0226897361153702
2019-12-13,361.04998779296875,365.2099914550781,354.6400146484375,358.3900146484375,358.3900146484375,6570900,0.9991915411139035
2019-12-16,362.54998779296875,383.6099853515625,362.5,381.5,381.5,18174200,1.0674612730164814
2019-12-17,378.989990234375,385.5,375.8999938964844,378.989990234375,378.989990234375,8496800,0.9960315117854797
2019-12-18,380.6300048828125,395.2200012207031,380.5799865722656,393.1499938964844,393.1499938964844,14121000,1.0401068918589864
2019-12-19,397.32000732421875,406.8500061035156,396.5,404.0400085449219,404.0400085449219,18107100,1.0303200684266136
2019-12-20,410.2900085449219,413.0,400.19000244140625,405.5899963378906,405.5899963378906,14752700,1.0063268850211047
2019-12-23,411.7799987792969,422.010009765625,410.0,419.2200012207031,419.2200012207031,13319600,1.036160075669776
2019-12-24,418.3599853515625,425.4700012207031,412.69000244140625,425.25,425.25,8054700,1.0168093318319966
2019-12-26,427.9100036621094,433.4800109863281,426.3500061035156,430.94000244140625,430.94000244140625,10633900,1.0157690098795669
2019-12-27,435.0,435.30999755859375,426.1099853515625,430.3800048828125,430.3800048828125,9945700,1.0010234042864299
2019-12-30,428.7900085449219,429.0,409.260009765625,414.70001220703125,414.70001220703125,12586400,0.9658111870398163
2019-12-31,405.0,421.2900085449219,402.0799865722656,418.3299865722656,418.3299865722656,10285700,1.0111916225008892
2020-01-02,424.5,430.70001220703125,421.7099914550781,430.260009765625,430.260009765625,9532100,1.030982732152942
2020-01-03,440.5,454.0,436.9200134277344,443.010009765625,443.010009765625,17778500,1.0320318680687435
2020-01-06,440.4700012207031,451.55999755859375,440.0,451.5400085449219,451.5400085449219,10133000,1.0215605949384499
2020-01-07,461.3999938964844,471.6300048828125,453.3599853515625,469.05999755859375,469.05999755859375,17882100,1.041106202917438
2020-01-08,473.70001220703125,498.489990234375,468.2300109863281,492.1400146484375,492.1400146484375,31144300,1.0514464325416515
2020-01-09,497.1000061035156,498.79998779296875,472.8699951171875,481.3399963378906,481.3399963378906,28440400,0.9800463859220231
2020-01-10,481.7900085449219,484.94000244140625,473.70001220703125,478.1499938964844,478.1499938964844,12959500,0.99544072436586
2020-01-13,493.5,525.6300048828125,492.0,524.8599853515625,524.8599853515625,26517600,1.099989504485729
2020-01-14,544.260009765625,547.4099731445312,524.9000244140625,537.9199829101562,537.9199829101562,28996200,1.026839227945914
2020-01-15,529.760009765625,537.8400268554688,516.7899780273438,518.5,518.5,17368800,0.9656932438790633
2020-01-16,493.75,514.4600219726562,492.1700134277344,513.489990234375,513.489990234375,21736700,0.9922511888586957
2020-01-17,507.6099853515625,515.6699829101562,503.1600036621094,510.5,510.5,13629100,0.9961170163860861
2020-01-21,530.25,548.5800170898438,528.4099731445312,547.2000122070312,547.2000122070312,17803500,1.073994135833231
2020-01-22,571.8900146484375,594.5,559.0999755859375,569.5599975585938,569.5599975585938,31369000,1.0427681889957705
2020-01-23,564.25,582.0,555.5999755859375,572.2000122070312,572.2000122070312,19651000,1.0064021645280494
2020-01-24,570.6300048828125,573.8599853515625,554.260009765625,564.8200073242188,564.8200073242188,14353600,0.9888305239032452
2020-01-27,541.989990234375,564.4400024414062,539.280029296875,558.02001953125,558.02001953125,13608100,0.9897130507650936
2020-01-28,568.489990234375,576.8099975585938,558.0800170898438,566.9000244140625,566.9000244140625,11788500,1.0177372527671928
2020-01-29,575.6900024414062,589.7999877929688,567.4299926757812,580.989990234375,580.989990234375,17801500,1.026665427053015
2020-01-30,632.4199829101562,650.8800048828125,618.0,640.8099975585938,640.8099975585938,29005700,1.1048638913572306
2020-01-31,640.0,653.0,632.52001953125,650.5700073242188,650.5700073242188,15719300,1.0168175080206363
2020-02-03,673.6900024414062,786.1400146484375,673.52001953125,780.0,780.0,47233500,1.2007943581217104
2020-02-04,882.9600219726562,968.989990234375,833.8800048828125,887.0599975585938,887.0599975585938,60938800,1.1387162998184772
2020-02-05,823.260009765625,845.97998046875,704.1099853515625,734.7000122070312,734.7000122070312,48423800,0.8291763698072225
2020-02-06,699.9199829101562,795.8300170898438,687.0,748.9600219726562,748.9600219726562,39880800,1.0207987045273743
2020-02-07,730.5499877929688,769.75,730.0,748.0700073242188,748.0700073242188,17063500,1.0001470470992184
2020-02-10,800.0,819.989990234375,752.4000244140625,771.280029296875,771.280029296875,24689200,1.0324066308850617
2020-02-11,768.7899780273438,783.510009765625,758.0,774.3800048828125,774.3800048828125,11697500,1.0053227078854428
2020-02-12,777.8699951171875,789.75,763.3699951171875,767.2899780273438,767.2899780273438,12022500,0.9921254405117552
2020-02-13,741.8400268554688,818.0,735.0,804.0,804.0,26289300,1.049211164251075
2020-02-14,787.219970703125,812.969970703125,785.5,800.030029296875,800.030029296875,15693700,0.9963014063472914
2020-02-18,841.5999755859375,860.0,832.3599853515625,858.4000244140625,858.4000244140625,16381700,1.0743025830573996
2020-02-19,923.5,944.780029296875,901.02001953125,917.4199829101562,917.4199829101562,25423000,1.070002282233559
2020-02-20,911.9500122070312,912.0,859.9400024414062,899.4099731445312,899.4099731445312,17634900,0.9814386306684316
2020-02-21,906.97998046875,913.0599975585938,880.4500122070312,901.0,901.0,14314800,1.0028829008280078
2020-02-24,839.0,863.5,822.2000122070312,833.7899780273438,833.7899780273438,15192200,0.9264333089192708
2020-02-25,849.0,856.5999755859375,787.0,799.9099731445312,799.9099731445312,17290500,0.9605182509992538
2020-02-26,782.5,813.3099975585938,776.1099853515625,778.7999877929688,778.7999877929688,14085500,0.9748282209165458
2020-02-27,730.0,739.77001953125,669.0,679.0,679.0,24277200,0.8729750715562278
2020-02-28,629.7000122070312,690.52001953125,611.52001953125,667.989990234375,667.989990234375,24564200,0.9852359737970132
2020-03-02,711.260009765625,743.6900024414062,686.6699829101562,743.6199951171875,743.6199951171875,20195000,1.1148892877026315
2020-03-03,805.0,806.97998046875,716.1099853515625,745.510009765625,745.510009765625,25784000,1.0038916466933825
2020-03-04,763.9600219726562,766.52001953125,724.72998046875,749.5,749.5,15049000,1.006702381658973
2020-03-05,723.77001953125,745.75,718.0700073242188,724.5399780273438,724.5399780273438,10852700,0.9679892826016616
2020-03-06,690.0,707.0,684.27001953125,703.47998046875,703.47998046875,12662900,0.9722752050090097
2020-03-09,605.3900146484375,663.0,605.0,608.0,608.0,17073700,0.865505091823819
2020-03-10,659.4299926757812,668.0,608.0,645.3300170898438,645.3300170898438,15594400,1.0631466508893637
2020-03-11,640.2000122070312,653.5800170898438,613.0,634.22998046875,634.22998046875,13322500,0.9843247460878647
2020-03-12,580.8900146484375,594.5,546.25,560.5499877929688,560.5499877929688,18909100,0.885223386577528
2020-03-13,595.0,607.5700073242188,502.0,546.6199951171875,546.6199951171875,22640300,0.976892158059406
2020-03-16,469.5,494.8699951171875,442.1700134277344,445.07000732421875,445.07000732421875,20489500,0.8157142540727952
2020-03-17,440.010009765625,471.8500061035156,396.0,430.20001220703125,430.20001220703125,23994600,0.9687661970220364
2020-03-18,389.0,404.8599853515625,350.510009765625,361.2200012207031,361.2200012207031,23786200,0.8416122808646684
2020-03-19,374.70001220703125,452.0,358.4599914550781,427.6400146484375,427.6400146484375,30195500,1.1871634367865842
2020-03-20,438.20001220703125,477.0,425.7900085449219,427.5299987792969,427.5299987792969,28285500,1.0020860306119967
2020-03-23,433.6000061035156,442.0,410.5,434.2900085449219,434.2900085449219,16454500,1.0181933504978165
2020-03-24,477.29998779296875,513.6900024414062,474.0,505.0,505.0,22895200,1.165501142516291
2020-03-25,545.25,557.0,511.1099853515625,539.25,539.25,21222700,1.0699404761904763
2020-03-26,547.3900146484375,560.0,512.25,528.1599731445312,528.1599731445312,17380700,0.9812540142025662
2020-03-27,505.0,525.7999877929688,494.0299987792969,514.3599853515625,514.3599853515625,14377400,0.9757189687285697
2020-03-30,510.260009765625,516.6500244140625,491.2300109863281,502.1300048828125,502.1300048828125,11998100,0.9781245504340207
2020-03-31,501.25,542.9600219726562,497.0,524.0,524.0,17771500,1.0456368505065579
2020-04-01,504.0,513.9500122070312,475.1000061035156,481.55999755859375,481.55999755859375,13353200,0.9207648136875598
2020-04-02,481.0299987792969,494.260009765625,446.3999938964844,454.4700012207031,454.4700012207031,19858400,0.9457091799766177
2020-04-03,509.5,515.489990234375,468.3900146484375,480.010009765625,480.010009765625,22562100,1.0585264923224875
2020-04-06,511.20001220703125,521.0,497.9599914550781,516.239990234375,516.239990234375,14901800,1.077722760923026
2020-04-07,545.0,565.0,532.3400268554688,545.4500122070312,545.4500122070312,17919800,1.0586329138755595
2020-04-08,554.2000122070312,557.2100219726562,533.3300170898438,548.8400268554688,548.8400268554688,12656000,1.0080632097529794
2020-04-09,562.0900268554688,575.1799926757812,557.1099853515625,573.0,573.0,13650000,1.0459257664850563
2020-04-13,590.1599731445312,652.0,580.530029296875,650.9500122070312,650.9500122070312,22475400,1.1380244968654392
2020-04-14,698.969970703125,741.8800048828125,692.4299926757812,709.8900146484375,709.8900146484375,30576500,1.0922224806764267
2020-04-15,742.0,753.1300048828125,710.0,729.8300170898438,729.8300170898438,23577000,1.0295391414869781
2020-04-16,716.9400024414062,759.4500122070312,706.719970703125,745.2100219726562,745.2100219726562,20657900,1.022474382913339
2020-04-17,772.280029296875,774.9500122070312,747.6599731445312,753.8900146484375,753.8900146484375,13128200,1.013007071108936
2020-04-20,732.7000122070312,765.5700073242188,712.2100219726562,746.3599853515625,746.3599853515625,14746600,0.9913267154965202
2020-04-21,730.1199951171875,753.3300170898438,673.7899780273438,686.719970703125,686.719970703125,20209100,0.9213265860780293
2020-04-22,703.97998046875,734.0,688.7100219726562,732.1099853515625,732.1099853515625,14224800,1.0676515438231586
2020-04-23,727.5999755859375,734.0,703.1300048828125,705.6300048828125,705.6300048828125,13236700,0.9651489092212334
2020-04-24,710.8099975585938,730.72998046875,698.1799926757812,725.1500244140625,725.1500244140625,13237600,1.0291216942069656
